150.00 200.00
151.23 197.86
150.00 195.72
152.47 195.72
153.70 193.58
152.47 191.45
150.00 191.45
151.23 189.31
150.00 187.17
152.47 187.17
153.70 185.03
154.94 187.17
157.41 187.17
158.64 185.03
157.41 182.89
159.88 182.89
161.11 180.75
159.88 178.62
157.41 178.62
158.64 176.48
157.41 174.34
154.94 174.34
153.70 176.48
152.47 174.34
150.00 174.34
151.23 172.20
150.00 170.06
152.47 170.06
153.70 167.92
152.47 165.79
150.00 165.79
151.23 163.65
150.00 161.51
152.47 161.51
153.70 159.37
154.94 161.51
157.41 161.51
158.64 159.37
157.41 157.23
159.88 157.23
161.11 155.09
162.35 157.23
164.81 157.23
163.58 159.37
164.81 161.51
167.28 161.51
168.52 159.37
169.75 161.51
172.22 161.51
173.46 159.37
172.22 157.23
174.69 157.23
175.93 155.09
174.69 152.96
172.22 152.96
173.46 150.82
172.22 148.68
174.69 148.68
175.93 146.54
177.16 148.68
179.63 148.68
180.86 146.54
179.63 144.40
182.10 144.40
183.33 142.26
182.10 140.13
179.63 140.13
180.86 137.99
179.63 135.85
177.16 135.85
175.93 137.99
174.69 135.85
172.22 135.85
173.46 133.71
172.22 131.57
174.69 131.57
175.93 129.43
174.69 127.30
172.22 127.30
173.46 125.16
172.22 123.02
169.75 123.02
168.52 125.16
167.28 123.02
164.81 123.02
163.58 125.16
164.81 127.30
162.35 127.30
161.11 129.43
159.88 127.30
157.41 127.30
158.64 125.16
157.41 123.02
154.94 123.02
153.70 125.16
152.47 123.02
150.00 123.02
151.23 120.88
150.00 118.74
152.47 118.74
153.70 116.60
152.47 114.47
150.00 114.47
151.23 112.33
150.00 110.19
152.47 110.19
153.70 108.05
154.94 110.19
157.41 110.19
158.64 108.05
157.41 105.91
159.88 105.91
161.11 103.77
159.88 101.64
157.41 101.64
158.64 99.50
157.41 97.36
154.94 97.36
153.70 99.50
152.47 97.36
150.00 97.36
151.23 95.22
150.00 93.08
152.47 93.08
153.70 90.94
152.47 88.81
150.00 88.81
151.23 86.67
150.00 84.53
152.47 84.53
153.70 82.39
154.94 84.53
157.41 84.53
158.64 82.39
157.41 80.25
159.88 80.25
161.11 78.11
162.35 80.25
164.81 80.25
163.58 82.39
164.81 84.53
167.28 84.53
168.52 82.39
169.75 84.53
172.22 84.53
173.46 82.39
172.22 80.25
174.69 80.25
175.93 78.11
174.69 75.98
172.22 75.98
173.46 73.84
172.22 71.70
174.69 71.70
175.93 69.56
177.16 71.70
179.63 71.70
180.86 69.56
179.63 67.42
182.10 67.42
183.33 65.28
184.57 67.42
187.04 67.42
185.80 69.56
187.04 71.70
189.51 71.70
190.74 69.56
191.98 71.70
194.44 71.70
193.21 73.84
194.44 75.98
191.98 75.98
190.74 78.11
191.98 80.25
194.44 80.25
193.21 82.39
194.44 84.53
196.91 84.53
198.15 82.39
199.38 84.53
201.85 84.53
203.09 82.39
201.85 80.25
204.32 80.25
205.56 78.11
206.79 80.25
209.26 80.25
208.02 82.39
209.26 84.53
211.73 84.53
212.96 82.39
214.20 84.53
216.67 84.53
217.90 82.39
216.67 80.25
219.14 80.25
220.37 78.11
219.14 75.98
216.67 75.98
217.90 73.84
216.67 71.70
219.14 71.70
220.37 69.56
221.60 71.70
224.07 71.70
225.31 69.56
224.07 67.42
226.54 67.42
227.78 65.28
226.54 63.15
224.07 63.15
225.31 61.01
224.07 58.87
221.60 58.87
220.37 61.01
219.14 58.87
216.67 58.87
217.90 56.73
216.67 54.59
219.14 54.59
220.37 52.45
219.14 50.32
216.67 50.32
217.90 48.18
216.67 46.04
219.14 46.04
220.37 43.90
221.60 46.04
224.07 46.04
225.31 43.90
224.07 41.76
226.54 41.76
227.78 39.62
229.01 41.76
231.48 41.76
230.25 43.90
231.48 46.04
233.95 46.04
235.19 43.90
236.42 46.04
238.89 46.04
240.12 43.90
238.89 41.76
241.36 41.76
242.59 39.62
241.36 37.49
238.89 37.49
240.12 35.35
238.89 33.21
241.36 33.21
242.59 31.07
243.83 33.21
246.30 33.21
247.53 31.07
246.30 28.93
248.77 28.93
250.00 26.79
251.23 28.93
253.70 28.93
252.47 31.07
253.70 33.21
256.17 33.21
257.41 31.07
258.64 33.21
261.11 33.21
259.88 35.35
261.11 37.49
258.64 37.49
257.41 39.62
258.64 41.76
261.11 41.76
259.88 43.90
261.11 46.04
263.58 46.04
264.81 43.90
266.05 46.04
268.52 46.04
269.75 43.90
268.52 41.76
270.99 41.76
272.22 39.62
273.46 41.76
275.93 41.76
274.69 43.90
275.93 46.04
278.40 46.04
279.63 43.90
280.86 46.04
283.33 46.04
282.10 48.18
283.33 50.32
280.86 50.32
279.63 52.45
280.86 54.59
283.33 54.59
282.10 56.73
283.33 58.87
280.86 58.87
279.63 61.01
278.40 58.87
275.93 58.87
274.69 61.01
275.93 63.15
273.46 63.15
272.22 65.28
273.46 67.42
275.93 67.42
274.69 69.56
275.93 71.70
278.40 71.70
279.63 69.56
280.86 71.70
283.33 71.70
282.10 73.84
283.33 75.98
280.86 75.98
279.63 78.11
280.86 80.25
283.33 80.25
282.10 82.39
283.33 84.53
285.80 84.53
287.04 82.39
288.27 84.53
290.74 84.53
291.98 82.39
290.74 80.25
293.21 80.25
294.44 78.11
295.68 80.25
298.15 80.25
296.91 82.39
298.15 84.53
300.62 84.53
301.85 82.39
303.09 84.53
305.56 84.53
306.79 82.39
305.56 80.25
308.02 80.25
309.26 78.11
308.02 75.98
305.56 75.98
306.79 73.84
305.56 71.70
308.02 71.70
309.26 69.56
310.49 71.70
312.96 71.70
314.20 69.56
312.96 67.42
315.43 67.42
316.67 65.28
317.90 67.42
320.37 67.42
319.14 69.56
320.37 71.70
322.84 71.70
324.07 69.56
325.31 71.70
327.78 71.70
326.54 73.84
327.78 75.98
325.31 75.98
324.07 78.11
325.31 80.25
327.78 80.25
326.54 82.39
327.78 84.53
330.25 84.53
331.48 82.39
332.72 84.53
335.19 84.53
336.42 82.39
335.19 80.25
337.65 80.25
338.89 78.11
340.12 80.25
342.59 80.25
341.36 82.39
342.59 84.53
345.06 84.53
346.30 82.39
347.53 84.53
350.00 84.53
348.77 86.67
350.00 88.81
347.53 88.81
346.30 90.94
347.53 93.08
350.00 93.08
348.77 95.22
350.00 97.36
347.53 97.36
346.30 99.50
345.06 97.36
342.59 97.36
341.36 99.50
342.59 101.64
340.12 101.64
338.89 103.77
340.12 105.91
342.59 105.91
341.36 108.05
342.59 110.19
345.06 110.19
346.30 108.05
347.53 110.19
350.00 110.19
348.77 112.33
350.00 114.47
347.53 114.47
346.30 116.60
347.53 118.74
350.00 118.74
348.77 120.88
350.00 123.02
347.53 123.02
346.30 125.16
345.06 123.02
342.59 123.02
341.36 125.16
342.59 127.30
340.12 127.30
338.89 129.43
337.65 127.30
335.19 127.30
336.42 125.16
335.19 123.02
332.72 123.02
331.48 125.16
330.25 123.02
327.78 123.02
326.54 125.16
327.78 127.30
325.31 127.30
324.07 129.43
325.31 131.57
327.78 131.57
326.54 133.71
327.78 135.85
325.31 135.85
324.07 137.99
322.84 135.85
320.37 135.85
319.14 137.99
320.37 140.13
317.90 140.13
316.67 142.26
317.90 144.40
320.37 144.40
319.14 146.54
320.37 148.68
322.84 148.68
324.07 146.54
325.31 148.68
327.78 148.68
326.54 150.82
327.78 152.96
325.31 152.96
324.07 155.09
325.31 157.23
327.78 157.23
326.54 159.37
327.78 161.51
330.25 161.51
331.48 159.37
332.72 161.51
335.19 161.51
336.42 159.37
335.19 157.23
337.65 157.23
338.89 155.09
340.12 157.23
342.59 157.23
341.36 159.37
342.59 161.51
345.06 161.51
346.30 159.37
347.53 161.51
350.00 161.51
348.77 163.65
350.00 165.79
347.53 165.79
346.30 167.92
347.53 170.06
350.00 170.06
348.77 172.20
350.00 174.34
347.53 174.34
346.30 176.48
345.06 174.34
342.59 174.34
341.36 176.48
342.59 178.62
340.12 178.62
338.89 180.75
340.12 182.89
342.59 182.89
341.36 185.03
342.59 187.17
345.06 187.17
346.30 185.03
347.53 187.17
350.00 187.17
348.77 189.31
350.00 191.45
347.53 191.45
346.30 193.58
347.53 195.72
350.00 195.72
348.77 197.86
350.00 200.00
347.53 200.00
346.30 202.14
345.06 200.00
342.59 200.00
341.36 202.14
342.59 204.28
340.12 204.28
338.89 206.42
337.65 204.28
335.19 204.28
336.42 202.14
335.19 200.00
332.72 200.00
331.48 202.14
330.25 200.00
327.78 200.00
326.54 202.14
327.78 204.28
325.31 204.28
324.07 206.42
325.31 208.55
327.78 208.55
326.54 210.69
327.78 212.83
325.31 212.83
324.07 214.97
322.84 212.83
320.37 212.83
319.14 214.97
320.37 217.11
317.90 217.11
316.67 219.25
315.43 217.11
312.96 217.11
314.20 214.97
312.96 212.83
310.49 212.83
309.26 214.97
308.02 212.83
305.56 212.83
306.79 210.69
305.56 208.55
308.02 208.55
309.26 206.42
308.02 204.28
305.56 204.28
306.79 202.14
305.56 200.00
303.09 200.00
301.85 202.14
300.62 200.00
298.15 200.00
296.91 202.14
298.15 204.28
295.68 204.28
294.44 206.42
293.21 204.28
290.74 204.28
291.98 202.14
290.74 200.00
288.27 200.00
287.04 202.14
285.80 200.00
283.33 200.00
282.10 202.14
283.33 204.28
280.86 204.28
279.63 206.42
280.86 208.55
283.33 208.55
282.10 210.69
283.33 212.83
280.86 212.83
279.63 214.97
278.40 212.83
275.93 212.83
274.69 214.97
275.93 217.11
273.46 217.11
272.22 219.25
273.46 221.38
275.93 221.38
274.69 223.52
275.93 225.66
278.40 225.66
279.63 223.52
280.86 225.66
283.33 225.66
282.10 227.80
283.33 229.94
280.86 229.94
279.63 232.08
280.86 234.21
283.33 234.21
282.10 236.35
283.33 238.49
280.86 238.49
279.63 240.63
278.40 238.49
275.93 238.49
274.69 240.63
275.93 242.77
273.46 242.77
272.22 244.91
270.99 242.77
268.52 242.77
269.75 240.63
268.52 238.49
266.05 238.49
264.81 240.63
263.58 238.49
261.11 238.49
259.88 240.63
261.11 242.77
258.64 242.77
257.41 244.91
258.64 247.04
261.11 247.04
259.88 249.18
261.11 251.32
258.64 251.32
257.41 253.46
256.17 251.32
253.70 251.32
252.47 253.46
253.70 255.60
251.23 255.60
250.00 257.74
248.77 255.60
246.30 255.60
247.53 253.46
246.30 251.32
243.83 251.32
242.59 253.46
241.36 251.32
238.89 251.32
240.12 249.18
238.89 247.04
241.36 247.04
242.59 244.91
241.36 242.77
238.89 242.77
240.12 240.63
238.89 238.49
236.42 238.49
235.19 240.63
233.95 238.49
231.48 238.49
230.25 240.63
231.48 242.77
229.01 242.77
227.78 244.91
226.54 242.77
224.07 242.77
225.31 240.63
224.07 238.49
221.60 238.49
220.37 240.63
219.14 238.49
216.67 238.49
217.90 236.35
216.67 234.21
219.14 234.21
220.37 232.08
219.14 229.94
216.67 229.94
217.90 227.80
216.67 225.66
219.14 225.66
220.37 223.52
221.60 225.66
224.07 225.66
225.31 223.52
224.07 221.38
226.54 221.38
227.78 219.25
226.54 217.11
224.07 217.11
225.31 214.97
224.07 212.83
221.60 212.83
220.37 214.97
219.14 212.83
216.67 212.83
217.90 210.69
216.67 208.55
219.14 208.55
220.37 206.42
219.14 204.28
216.67 204.28
217.90 202.14
216.67 200.00
214.20 200.00
212.96 202.14
211.73 200.00
209.26 200.00
208.02 202.14
209.26 204.28
206.79 204.28
205.56 206.42
204.32 204.28
201.85 204.28
203.09 202.14
201.85 200.00
199.38 200.00
198.15 202.14
196.91 200.00
194.44 200.00
193.21 202.14
194.44 204.28
191.98 204.28
190.74 206.42
191.98 208.55
194.44 208.55
193.21 210.69
194.44 212.83
191.98 212.83
190.74 214.97
189.51 212.83
187.04 212.83
185.80 214.97
187.04 217.11
184.57 217.11
183.33 219.25
182.10 217.11
179.63 217.11
180.86 214.97
179.63 212.83
177.16 212.83
175.93 214.97
174.69 212.83
172.22 212.83
173.46 210.69
172.22 208.55
174.69 208.55
175.93 206.42
174.69 204.28
172.22 204.28
173.46 202.14
172.22 200.00
169.75 200.00
168.52 202.14
167.28 200.00
164.81 200.00
163.58 202.14
164.81 204.28
162.35 204.28
161.11 206.42
159.88 204.28
157.41 204.28
158.64 202.14
157.41 200.00
154.94 200.00
153.70 202.14
152.47 200.00
