150.00 350.00
151.85 346.79
150.00 343.58
153.70 343.58
155.56 340.38
153.70 337.17
150.00 337.17
151.85 333.96
150.00 330.75
153.70 330.75
155.56 327.55
157.41 330.75
161.11 330.75
162.96 327.55
161.11 324.34
164.81 324.34
166.67 321.13
164.81 317.92
161.11 317.92
162.96 314.72
161.11 311.51
157.41 311.51
155.56 314.72
153.70 311.51
150.00 311.51
151.85 308.30
150.00 305.09
153.70 305.09
155.56 301.89
153.70 298.68
150.00 298.68
151.85 295.47
150.00 292.26
153.70 292.26
155.56 289.06
157.41 292.26
161.11 292.26
162.96 289.06
161.11 285.85
164.81 285.85
166.67 282.64
168.52 285.85
172.22 285.85
170.37 289.06
172.22 292.26
175.93 292.26
177.78 289.06
179.63 292.26
183.33 292.26
185.19 289.06
183.33 285.85
187.04 285.85
188.89 282.64
187.04 279.43
183.33 279.43
185.19 276.23
183.33 273.02
187.04 273.02
188.89 269.81
190.74 273.02
194.44 273.02
196.30 269.81
194.44 266.60
198.15 266.60
200.00 263.40
198.15 260.19
194.44 260.19
196.30 256.98
194.44 253.77
190.74 253.77
188.89 256.98
187.04 253.77
183.33 253.77
185.19 250.57
183.33 247.36
187.04 247.36
188.89 244.15
187.04 240.94
183.33 240.94
185.19 237.74
183.33 234.53
179.63 234.53
177.78 237.74
175.93 234.53
172.22 234.53
170.37 237.74
172.22 240.94
168.52 240.94
166.67 244.15
164.81 240.94
161.11 240.94
162.96 237.74
161.11 234.53
157.41 234.53
155.56 237.74
153.70 234.53
150.00 234.53
151.85 231.32
150.00 228.11
153.70 228.11
155.56 224.91
153.70 221.70
150.00 221.70
151.85 218.49
150.00 215.28
153.70 215.28
155.56 212.08
157.41 215.28
161.11 215.28
162.96 212.08
161.11 208.87
164.81 208.87
166.67 205.66
164.81 202.45
161.11 202.45
162.96 199.25
161.11 196.04
157.41 196.04
155.56 199.25
153.70 196.04
150.00 196.04
151.85 192.83
150.00 189.62
153.70 189.62
155.56 186.42
153.70 183.21
150.00 183.21
151.85 180.00
150.00 176.79
153.70 176.79
155.56 173.59
157.41 176.79
161.11 176.79
162.96 173.59
161.11 170.38
164.81 170.38
166.67 167.17
168.52 170.38
172.22 170.38
170.37 173.59
172.22 176.79
175.93 176.79
177.78 173.59
179.63 176.79
183.33 176.79
185.19 173.59
183.33 170.38
187.04 170.38
188.89 167.17
187.04 163.96
183.33 163.96
185.19 160.76
183.33 157.55
187.04 157.55
188.89 154.34
190.74 157.55
194.44 157.55
196.30 154.34
194.44 151.13
198.15 151.13
200.00 147.93
201.85 151.13
205.56 151.13
203.70 154.34
205.56 157.55
209.26 157.55
211.11 154.34
212.96 157.55
216.67 157.55
214.81 160.76
216.67 163.96
212.96 163.96
211.11 167.17
212.96 170.38
216.67 170.38
214.81 173.59
216.67 176.79
220.37 176.79
222.22 173.59
224.07 176.79
227.78 176.79
229.63 173.59
227.78 170.38
231.48 170.38
233.33 167.17
235.19 170.38
238.89 170.38
237.04 173.59
238.89 176.79
242.59 176.79
244.44 173.59
246.30 176.79
250.00 176.79
251.85 173.59
250.00 170.38
253.70 170.38
255.56 167.17
253.70 163.96
250.00 163.96
251.85 160.76
250.00 157.55
253.70 157.55
255.56 154.34
257.41 157.55
261.11 157.55
262.96 154.34
261.11 151.13
264.81 151.13
266.67 147.93
264.81 144.72
261.11 144.72
262.96 141.51
261.11 138.30
257.41 138.30
255.56 141.51
253.70 138.30
250.00 138.30
251.85 135.10
250.00 131.89
253.70 131.89
255.56 128.68
253.70 125.47
250.00 125.47
251.85 122.27
250.00 119.06
253.70 119.06
255.56 115.85
257.41 119.06
261.11 119.06
262.96 115.85
261.11 112.64
264.81 112.64
266.67 109.44
268.52 112.64
272.22 112.64
270.37 115.85
272.22 119.06
275.93 119.06
277.78 115.85
279.63 119.06
283.33 119.06
285.19 115.85
283.33 112.64
287.04 112.64
288.89 109.44
287.04 106.23
283.33 106.23
285.19 103.02
283.33 99.81
287.04 99.81
288.89 96.61
290.74 99.81
294.44 99.81
296.30 96.61
294.44 93.40
298.15 93.40
300.00 90.19
301.85 93.40
305.56 93.40
303.70 96.61
305.56 99.81
309.26 99.81
311.11 96.61
312.96 99.81
316.67 99.81
314.81 103.02
316.67 106.23
312.96 106.23
311.11 109.44
312.96 112.64
316.67 112.64
314.81 115.85
316.67 119.06
320.37 119.06
322.22 115.85
324.07 119.06
327.78 119.06
329.63 115.85
327.78 112.64
331.48 112.64
333.33 109.44
335.19 112.64
338.89 112.64
337.04 115.85
338.89 119.06
342.59 119.06
344.44 115.85
346.30 119.06
350.00 119.06
348.15 122.27
350.00 125.47
346.30 125.47
344.44 128.68
346.30 131.89
350.00 131.89
348.15 135.10
350.00 138.30
346.30 138.30
344.44 141.51
342.59 138.30
338.89 138.30
337.04 141.51
338.89 144.72
335.19 144.72
333.33 147.93
335.19 151.13
338.89 151.13
337.04 154.34
338.89 157.55
342.59 157.55
344.44 154.34
346.30 157.55
350.00 157.55
348.15 160.76
350.00 163.96
346.30 163.96
344.44 167.17
346.30 170.38
350.00 170.38
348.15 173.59
350.00 176.79
353.70 176.79
355.56 173.59
357.41 176.79
361.11 176.79
362.96 173.59
361.11 170.38
364.81 170.38
366.67 167.17
368.52 170.38
372.22 170.38
370.37 173.59
372.22 176.79
375.93 176.79
377.78 173.59
379.63 176.79
383.33 176.79
385.19 173.59
383.33 170.38
387.04 170.38
388.89 167.17
387.04 163.96
383.33 163.96
385.19 160.76
383.33 157.55
387.04 157.55
388.89 154.34
390.74 157.55
394.44 157.55
396.30 154.34
394.44 151.13
398.15 151.13
400.00 147.93
401.85 151.13
405.56 151.13
403.70 154.34
405.56 157.55
409.26 157.55
411.11 154.34
412.96 157.55
416.67 157.55
414.81 160.76
416.67 163.96
412.96 163.96
411.11 167.17
412.96 170.38
416.67 170.38
414.81 173.59
416.67 176.79
420.37 176.79
422.22 173.59
424.07 176.79
427.78 176.79
429.63 173.59
427.78 170.38
431.48 170.38
433.33 167.17
435.19 170.38
438.89 170.38
437.04 173.59
438.89 176.79
442.59 176.79
444.44 173.59
446.30 176.79
450.00 176.79
448.15 180.00
450.00 183.21
446.30 183.21
444.44 186.42
446.30 189.62
450.00 189.62
448.15 192.83
450.00 196.04
446.30 196.04
444.44 199.25
442.59 196.04
438.89 196.04
437.04 199.25
438.89 202.45
435.19 202.45
433.33 205.66
435.19 208.87
438.89 208.87
437.04 212.08
438.89 215.28
442.59 215.28
444.44 212.08
446.30 215.28
450.00 215.28
448.15 218.49
450.00 221.70
446.30 221.70
444.44 224.91
446.30 228.11
450.00 228.11
448.15 231.32
450.00 234.53
446.30 234.53
444.44 237.74
442.59 234.53
438.89 234.53
437.04 237.74
438.89 240.94
435.19 240.94
433.33 244.15
431.48 240.94
427.78 240.94
429.63 237.74
427.78 234.53
424.07 234.53
422.22 237.74
420.37 234.53
416.67 234.53
414.81 237.74
416.67 240.94
412.96 240.94
411.11 244.15
412.96 247.36
416.67 247.36
414.81 250.57
416.67 253.77
412.96 253.77
411.11 256.98
409.26 253.77
405.56 253.77
403.70 256.98
405.56 260.19
401.85 260.19
400.00 263.40
401.85 266.60
405.56 266.60
403.70 269.81
405.56 273.02
409.26 273.02
411.11 269.81
412.96 273.02
416.67 273.02
414.81 276.23
416.67 279.43
412.96 279.43
411.11 282.64
412.96 285.85
416.67 285.85
414.81 289.06
416.67 292.26
420.37 292.26
422.22 289.06
424.07 292.26
427.78 292.26
429.63 289.06
427.78 285.85
431.48 285.85
433.33 282.64
435.19 285.85
438.89 285.85
437.04 289.06
438.89 292.26
442.59 292.26
444.44 289.06
446.30 292.26
450.00 292.26
448.15 295.47
450.00 298.68
446.30 298.68
444.44 301.89
446.30 305.09
450.00 305.09
448.15 308.30
450.00 311.51
446.30 311.51
444.44 314.72
442.59 311.51
438.89 311.51
437.04 314.72
438.89 317.92
435.19 317.92
433.33 321.13
435.19 324.34
438.89 324.34
437.04 327.55
438.89 330.75
442.59 330.75
444.44 327.55
446.30 330.75
450.00 330.75
448.15 333.96
450.00 337.17
446.30 337.17
444.44 340.38
446.30 343.58
450.00 343.58
448.15 346.79
450.00 350.00
446.30 350.00
444.44 353.21
442.59 350.00
438.89 350.00
437.04 353.21
438.89 356.42
435.19 356.42
433.33 359.62
431.48 356.42
427.78 356.42
429.63 353.21
427.78 350.00
424.07 350.00
422.22 353.21
420.37 350.00
416.67 350.00
414.81 353.21
416.67 356.42
412.96 356.42
411.11 359.62
412.96 362.83
416.67 362.83
414.81 366.04
416.67 369.25
412.96 369.25
411.11 372.45
409.26 369.25
405.56 369.25
403.70 372.45
405.56 375.66
401.85 375.66
400.00 378.87
398.15 375.66
394.44 375.66
396.30 372.45
394.44 369.25
390.74 369.25
388.89 372.45
387.04 369.25
383.33 369.25
385.19 366.04
383.33 362.83
387.04 362.83
388.89 359.62
387.04 356.42
383.33 356.42
385.19 353.21
383.33 350.00
379.63 350.00
377.78 353.21
375.93 350.00
372.22 350.00
370.37 353.21
372.22 356.42
368.52 356.42
366.67 359.62
364.81 356.42
361.11 356.42
362.96 353.21
361.11 350.00
357.41 350.00
355.56 353.21
353.70 350.00
350.00 350.00
348.15 353.21
350.00 356.42
346.30 356.42
344.44 359.62
346.30 362.83
350.00 362.83
348.15 366.04
350.00 369.25
346.30 369.25
344.44 372.45
342.59 369.25
338.89 369.25
337.04 372.45
338.89 375.66
335.19 375.66
333.33 378.87
335.19 382.08
338.89 382.08
337.04 385.28
338.89 388.49
342.59 388.49
344.44 385.28
346.30 388.49
350.00 388.49
348.15 391.70
350.00 394.91
346.30 394.91
344.44 398.11
346.30 401.32
350.00 401.32
348.15 404.53
350.00 407.74
346.30 407.74
344.44 410.94
342.59 407.74
338.89 407.74
337.04 410.94
338.89 414.15
335.19 414.15
333.33 417.36
331.48 414.15
327.78 414.15
329.63 410.94
327.78 407.74
324.07 407.74
322.22 410.94
320.37 407.74
316.67 407.74
314.81 410.94
316.67 414.15
312.96 414.15
311.11 417.36
312.96 420.57
316.67 420.57
314.81 423.77
316.67 426.98
312.96 426.98
311.11 430.19
309.26 426.98
305.56 426.98
303.70 430.19
305.56 433.40
301.85 433.40
300.00 436.60
298.15 433.40
294.44 433.40
296.30 430.19
294.44 426.98
290.74 426.98
288.89 430.19
287.04 426.98
283.33 426.98
285.19 423.77
283.33 420.57
287.04 420.57
288.89 417.36
287.04 414.15
283.33 414.15
285.19 410.94
283.33 407.74
279.63 407.74
277.78 410.94
275.93 407.74
272.22 407.74
270.37 410.94
272.22 414.15
268.52 414.15
266.67 417.36
264.81 414.15
261.11 414.15
262.96 410.94
261.11 407.74
257.41 407.74
255.56 410.94
253.70 407.74
250.00 407.74
251.85 404.53
250.00 401.32
253.70 401.32
255.56 398.11
253.70 394.91
250.00 394.91
251.85 391.70
250.00 388.49
253.70 388.49
255.56 385.28
257.41 388.49
261.11 388.49
262.96 385.28
261.11 382.08
264.81 382.08
266.67 378.87
264.81 375.66
261.11 375.66
262.96 372.45
261.11 369.25
257.41 369.25
255.56 372.45
253.70 369.25
250.00 369.25
251.85 366.04
250.00 362.83
253.70 362.83
255.56 359.62
253.70 356.42
250.00 356.42
251.85 353.21
250.00 350.00
246.30 350.00
244.44 353.21
242.59 350.00
238.89 350.00
237.04 353.21
238.89 356.42
235.19 356.42
233.33 359.62
231.48 356.42
227.78 356.42
229.63 353.21
227.78 350.00
224.07 350.00
222.22 353.21
220.37 350.00
216.67 350.00
214.81 353.21
216.67 356.42
212.96 356.42
211.11 359.62
212.96 362.83
216.67 362.83
214.81 366.04
216.67 369.25
212.96 369.25
211.11 372.45
209.26 369.25
205.56 369.25
203.70 372.45
205.56 375.66
201.85 375.66
200.00 378.87
198.15 375.66
194.44 375.66
196.30 372.45
194.44 369.25
190.74 369.25
188.89 372.45
187.04 369.25
183.33 369.25
185.19 366.04
183.33 362.83
187.04 362.83
188.89 359.62
187.04 356.42
183.33 356.42
185.19 353.21
183.33 350.00
179.63 350.00
177.78 353.21
175.93 350.00
172.22 350.00
170.37 353.21
172.22 356.42
168.52 356.42
166.67 359.62
164.81 356.42
161.11 356.42
162.96 353.21
161.11 350.00
157.41 350.00
155.56 353.21
153.70 350.00
